5
10
177 107
205 88
179 65
165 104
180 50
166 116
199 119
171 70
176 51
207 101
15
192 117
190 110
184 98
212 91
177 89
218 78
152 106
182 64
193 88
198 71
216 111
155 101
181 92
173 77
215 97
25
193 61
215 106
187 63
192 73
150 50
195 76
196 67
191 52
197 59
179 101
168 75
218 74
183 108
219 70
172 91
157 96
175 109
152 72
203 64
214 54
202 104
194 119
178 120
188 60
151 66
35
168 63
190 57
209 107
218 83
153 97
156 116
188 72
195 96
211 69
189 53
187 115
178 88
163 98
182 77
157 81
198 71
162 58
165 85
219 73
152 65
214 67
208 68
212 106
160 56
183 94
174 104
173 55
193 59
194 90
169 66
199 62
184 79
150 100
191 87
213 119
50
201 67
198 119
177 110
169 112
174 61
163 62
151 105
195 70
207 91
206 102
159 79
186 103
150 65
199 57
190 113
153 73
171 71
187 77
212 51
218 92
205 64
211 78
155 121
180 90
214 56
166 53
210 108
183 117
202 107
181 88
178 87
192 55
193 86
216 109
157 82
154 54
158 80
203 115
197 104
217 68
191 66
173 98
188 59
182 114
172 120
161 81
200 106
152 74
184 72
213 95