5
7
137 460 603 40 521 128 125
15
770 93 883 659 641 446 354 227 338 178 510 357 560 362 884
50
401 100 932 79 822 233 192 18 491 965 34 477 255 948 906 959 528 949 200 138 886 66 535 337 493 154 500 717 336 99 849 390 578 659 853 216 590 417 447 724 507 208 675 377 824 780 708 482 790 127
70
14259 6373 23071 31606 28176 16723 31105 24963 17548 9271 7440 5219 19586 16077 31016 13009 13909 6717 25438 10462 14177 27073 2068 24373 3122 21513 7755 28579 27380 27615 3512 727 31275 7175 15129 15206 8101 2665 28361 21010 15276 13938 2450 18251 9344 22199 31683 19958 30212 14811 12931 21358 2487 11955 28517 18632 10982 14249 15933 42314 23328 3422 32049 14976 15083 13460 11027 24727 27317 11082
 100
7033 23832 28248 3634 29188 471 20535 7295 16029 31704 28692 2949 7412 6358 16976 9584 30872 30711 1034 9010 5575 16206 10900 11811 7301 19108 26407 9450 23019 14200 4821 10145 11202 29252 5824 12084 19024 10498 9354 13322 25714 18159 21260 10216 16875 23951 29515 18194 24572 7921 12711 1203 15413 19764 22358 5758 16778 17226 16401 25494 2985 31484 22541 23211 29835 13358 13869 29542 8265 8549 9846 24328 31538 15750 14531 11342 24090 12001 10170 25239 19700 23405 11262 22600 932 4693 4006 18544 17678 28340 5615 27560 8307 22429 2861 6206 8445 16735 4360 11666