5
10
4 8 4 0 5 2 3 0 0 0
30
24 0 21 5 20 10 19 1 8 20 16 0 13 9 5 8 11 8 3 6 1 7 5 6 2 4 2 0 1 0
50
6 21 9 23 2 7 23 0 25 4 16 13 35 2 2 14 2 11 18 1 19 5 1 11 4 17 8 11 16 1 13 15 17 2 14 7 9 5 5 7 2 0 5 1 5 2 0 1 0 0
80
51 43 8 29 32 21 40 34 52 13 37 63 16 51 44 34 21 28 7 18 21 0 23 1 44 35 43 23 19 38 31 47 4 29 4 16 43 20 32 9 29 27 29 16 27 6 12 6 9 25 13 26 19 14 14 4 0 6 13 12 18 10 2 3 13 1 11 1 3 9 2 5 7 4 1 0 0 1 1 0
100
84 57 66 80 12 5 13 26 21 41 57 78 0 69 76 41 78 39 62 54 25 76 33 27 45 52 67 22 40 59 25 37 65 27 21 41 15 13 43 51 24 41 10 6 24 31 26 25 16 11 42 19 14 45 12 34 15 37 37 29 27 33 12 16 16 8 12 24 25 23 19 23 3 1 18 2 0 11 6 18 0 1 4 10 14 7 3 7 9 10 5 6 2 0 2 3 3 0 1 0
