5
10
69 42 68 76 40 87 14 65 76 81
50
20
56 80 91 56 36 97 47 15 12 70 40 71 66 10 12 68 72 38 31 55
150
50
53 33 57 45 59 56 63 78 49 24 24 67 81 71 63 33 63 56 96 59 16 38 50 75 31 43 61 95 92 28 51 59 20 81 74 69 72 84 71 94 70 87 39 46 11 20 38 93 91 65
300
70
75 35 80 54 76 78 93 87 12 41 71 75 51 29 96 49 13 67 46 28 59 82 33 26 69 11 73 29 33 59 21 86 96 26 18 64 41 34 92 54 71 94 65 36 68 19 66 99 57 82 82 53 41 71 61 78 82 91 14 42 71 34 56 50 87 13 31 33 67 71
100
100
64 75 66 52 11 57 87 92 92 28 51 88 78 97 26 49 56 69 99 61 77 60 30 78 31 77 44 55 98 97 61 26 15 85 24 40 75 87 36 81 75 75 57 32 40 54 88 10 68 17 48 72 67 11 73 20 22 56 85 24 53 38 83 53 70 94 24 64 91 80 60 46 57 49 73 59 20 48 48 37 98 89 10 85 46 13 53 44 46 85 21 13 87 39 19 97 58 80 66 37
120