5
5
1 3 5 2 4
10
3 2 10 1 5 4 7 8 9 6
20
10 15 3 17 5 4 8 16 19 12 14 1 11 6 13 9 20 18 7 2
50
17 22 33 5 9 42 2 31 18 34 13 11 38 37 30 47 3 44 10 41 19 40 16 28 20 12 48 24 46 29 45 1 43 39 36 27 6 49 21 14 15 26 50 7 23 4 8 25 35 32
100
29 3 63 95 47 100 28 98 42 72 37 77 27 57 61 90 55 78 94 20 40 21 82 17 33 65 38 96 44 9 19 50 75 97 85 87 10 39 14 26 83 74 30 13 91 18 76 34 58 36 53 45 66 7 41 4 1 23 16 43 64 46 68 84 48 8 25 80 81 35 32 89 99 54 22 73 93 51 86 5 60 69 71 31 70 92 56 11 88 12 67 62 52 79 6 59 15 49 2 24