5
10 150
86 95 107 67 38 49 116 22 78 53
20 120
68 72 30 105 55 115 36 67 119 111 95 24 25 80 55 85 75 83 21 81
100 130
30 78 83 62 51 60 68 115 109 20 38 42 44 43 118 25 46 38 56 87 112 22 21 38 40 44 100 56 52 60 82 70 51 55 32 83 83 91 97 100 95 74 83 89 57 70 22 48 110 68 83 59 45 102 43 23 50 110 33 64 108 44 96 26 44 63 24 96 99 65 70 51 46 60 62 65 109 103 112 115 86 48 87 108 114 117 30 59 40 82 55 80 113 75 112 94 116 38 112 67
500 150
56 115 90 54 85 23 59 39 35 78 63 74 100 114 87 75 119 86 27 39 113 55 31 36 73 75 52 108 29 20 57 75 30 89 42 47 100 48 36 52 86 36 115 75 26 27 56 27 32 62 52 51 27 40 45 79 85 109 33 53 48 40 84 105 77 71 89 28 44 56 25 78 32 75 52 118 52 59 88 66 26 82 103 79 99 58 75 50 55 100 115 92 26 90 25 67 48 55 22 41 69 81 54 52 24 68 57 119 57 25 97 76 108 109 44 30 92 95 108 73 71 104 66 116 112 90 104 114 39 42 38 57 56 70 39 82 26 49 47 117 85 21 115 44 98 75 73 37 102 93 90 45 38 105 85 46 45 79 97 41 62 65 105 36 115 50 51 90 79 52 42 72 72 95 32 38 28 112 88 87 21 103 47 70 34 87 82 85 25 111 99 114 38 50 91 31 85 35 43 62 102 111 102 74 87 39 86 96 75 48 63 97 102 64 64 91 86 34 63 102 48 90 63 77 29 95 100 50 63 20 27 98 59 60 118 96 21 33 39 95 26 111 36 34 89 94 41 60 95 62 41 85 107 66 58 111 50 27 107 24 79 81 31 103 27 29 88 77 63 101 33 90 114 62 83 95 56 92 102 39 111 83 64 45 21 40 105 76 50 105 93 78 52 42 71 88 56 116 46 39 95 87 105 75 81 27 54 32 41 78 54 89 25 45 83 23 103 96 115 99 35 23 38 59 35 79 78 43 117 52 93 98 64 115 70 114 85 31 64 52 75 116 27 89 109 29 88 42 95 98 83 53 112 104 26 104 103 80 45 93 47 29 105 27 75 90 38 20 94 31 64 56 83 86 67 117 112 109 69 91 35 63 24 49 106 40 113 108 32 21 45 72 72 43 21 90 62 102 31 73 50 117 79 35 51 20 43 61 93 99 119 77 55 117 75 40 84 119 22 92 22 86 103 24 23 54 91 42 88 21 62 28 111 79 33 102 97 63 75 118 60 73 70 65 45 42 88 54 90 61 115 64 70 115 70 97 45 86 93 60 77 101 31 118 113 35 21 96 97 109 70 56 94 105 89 115 63 96 75 22 116 22 86 23 31 93 113 113 93 31 116 79 114 112 86 110 66 75 45 114
1000 130
54 81 58 74 103 67 51 59 109 31 44 66 38 86 24 29 22 61 29 105 69 114 105 89 79 99 33 59 82 96 60 47 106 82 111 37 79 81 76 86 79 57 109 113 75 36 39 73 23 119 70 27 30 100 90 114 51 103 74 75 63 51 104 74 118 75 42 56 75 92 32 27 115 118 66 27 28 70 31 74 56 82 97 42 87 119 75 45 57 66 48 93 94 78 74 74 22 21 32 85 60 21 43 98 100 21 83 56 44 68 112 55 113 97 31 82 62 72 46 106 93 99 115 63 24 53 29 61 69 87 103 106 38 48 34 27 40 114 108 80 70 105 22 83 105 84 102 83 73 82 26 65 103 87 77 95 104 43 57 97 100 114 61 73 117 108 115 58 89 55 38 111 63 42 98 80 33 72 84 45 82 34 92 110 54 22 84 39 92 109 75 25 107 81 117 64 72 30 69 119 25 69 40 61 79 67 104 49 49 29 33 100 82 32 86 77 67 103 63 102 47 66 58 73 102 113 32 33 21 29 97 54 110 95 99 74 46 59 94 106 25 62 44 44 40 39 75 114 114 70 119 27 60 87 46 117 117 106 77 23 42 50 101 55 61 43 41 26 92 118 90 119 52 56 93 110 91 76 59 90 87 37 67 60 100 35 39 113 103 27 64 82 24 57 108 94 45 29 73 26 52 37 39 68 76 102 36 92 38 118 63 51 65 25 71 40 99 31 66 101 66 88 90 54 23 73 106 96 20 46 44 48 28 100 118 53 27 29 38 83 91 70 106 30 50 65 68 107 96 22 82 37 96 43 90 82 66 110 84 99 60 26 116 98 26 114 61 86 58 109 110 80 24 23 105 40 56 55 77 101 65 77 40 61 106 45 116 81 47 41 49 25 94 40 96 46 87 76 70 31 105 21 40 73 21 26 34 43 24 75 26 58 116 20 50 58 91 33 60 20 100 62 45 76 38 105 100 66 26 41 105 33 27 118 61 56 32 119 99 117 78 74 55 118 98 70 23 30 37 41 63 44 58 88 41 106 24 72 28 60 89 54 85 50 66 27 52 116 76 101 68 20 29 44 85 49 59 68 92 30 46 85 40 57 29 32 64 81 75 70 85 30 30 87 62 59 20 81 101 112 44 24 31 98 43 116 43 20 87 77 23 59 43 86 23 67 21 58 42 119 101 102 91 79 70 31 112 21 106 55 45 30 29 69 46 74 70 94 105 97 106 86 71 63 104 72 117 111 109 25 60 119 24 109 108 103 33 71 108 39 60 98 94 93 95 104 96 88 47 28 24 113 39 110 92 112 93 46 73 91 79 113 65 29 29 75 114 38 47 114 85 72 106 65 75 53 74 25 62 95 98 68 99 101 119 118 67 48 58 117 88 44 45 95 101 113 48 91 60 48 112 60 71 90 119 53 21 62 101 110 115 101 67 110 70 91 110 70 38 73 70 68 36 107 28 99 72 51 68 54 47 61 91 67 22 116 96 34 46 36 49 74 23 61 117 55 26 113 48 85 112 94 50 24 71 42 87 80 111 103 63 35 50 109 57 45 59 117 85 83 109 27 95 111 82 43 66 78 98 29 72 103 118 75 42 48 24 119 48 47 109 113 59 115 89 20 118 98 62 115 22 21 47 83 49 109 85 68 48 96 98 101 24 26 118 92 74 81 68 101 109 35 91 109 101 113 64 86 50 55 69 41 63 71 106 85 59 86 51 66 20 33 79 88 82 75 35 69 94 35 26 20 36 101 104 99 57 22 20 67 65 36 118 115 116 102 80 47 79 107 93 22 58 84 76 82 95 65 86 114 105 29 62 71 99 97 28 39 79 109 112 24 114 48 40 33 108 85 41 46 95 71 85 100 57 22 65 107 47 34 114 119 61 23 53 116 102 26 35 106 38 51 72 43 51 23 28 43 88 69 35 63 101 59 101 85 34 90 102 55 58 110 59 20 36 55 54 82 91 52 94 50 27 96 81 118 30 23 100 77 92 109 60 72 87 50 37 103 58 77 56 114 87 78 57 109 91 30 29 97 77 33 32 113 90 67 62 103 44 89 74 48 72 34 84 83 54 74 51 68 115 107 106 40 96 82 37 86 41 99 58 85 75 42 73 113 95 93 47 84 88 32 26 114 104 112 93 106 33 55 69 106 114 115 109 85 79 21 22 72 88 84 30 71 106 118 38 20 90 45 85 83 28 110 95 88 47 54 113 79 30 74 103 95 50 41 100 69 37 88 32 101 50 49 112 45 22 118 106 84